3 0.035000 0.545000 0.045000 0.205000
3 0.955000 0.555000 0.045000 0.225000
3 0.135000 0.565000 0.065000 0.275000
3 0.185000 0.565000 0.065000 0.275000
3 0.285000 0.535000 0.075000 0.285000
3 0.385000 0.545000 0.075000 0.285000
3 0.425000 0.535000 0.065000 0.265000
3 0.535000 0.525000 0.065000 0.255000
3 0.615000 0.535000 0.065000 0.255000
3 0.905000 0.485000 0.065000 0.305000
6 0.775000 0.515000 0.075000 0.255000
7 0.835000 0.545000 0.135000 0.225000
7 0.225000 0.435000 0.155000 0.205000
7 0.405000 0.445000 0.205000 0.225000
7 0.605000 0.425000 0.155000 0.205000
7 0.785000 0.405000 0.245000 0.255000
