7 0.175000 0.445833 0.240000 0.280556
7 0.340625 0.450000 0.170833 0.250000
7 0.655208 0.420833 0.229167 0.219444
7 0.785417 0.436111 0.150000 0.188889
7 0.955208 0.420833 0.095833 0.169444
6 0.430208 0.465278 0.054167 0.180556
6 0.535417 0.470833 0.054167 0.200000
6 0.625000 0.475000 0.045833 0.161111
6 0.705208 0.486111 0.050000 0.136111
3 0.025000 0.450000 0.045833 0.141667
3 0.114583 0.445833 0.045833 0.141667
3 0.330208 0.445833 0.045833 0.141667
3 0.375000 0.436111 0.045833 0.136111
